vector 28  "ARQNetwork.LeftNode[0].5:127.0.0.1:12005"  "sentDataSeqNumVector"  1
28	0.004694	0
vector 25  "ARQNetwork.RightNode[0].5:127.0.0.1:12105"  "receivedDataSeqNumVector"  1
25	0.87373848	0
vector 23  "ARQNetwork.RightNode[0].5:127.0.0.1:12105"  "sentAckSeqNumVector"  1
23	5.358569	0
vector 30  "ARQNetwork.LeftNode[0].5:127.0.0.1:12005"  "receivedAckSeqNumVector"  1
30	6.06369156	0
28	10.711637	1
25	11.58068148	1
23	13.991773	1
28	13.993497	2
28	13.995469	3
28	14.004713	4
28	14.005917	5
28	14.008968	6
28	14.010029	7
28	14.010961	8
28	14.011898	9
28	14.01539	10
28	14.016378	11
28	14.01751	12
28	14.020975	13
28	14.022011	14
28	14.022989	15
28	14.026186	16
28	14.027246	17
28	14.028267	18
28	14.029225	19
28	14.034246	20
28	14.03532	21
28	14.03627	22
28	14.040875	23
28	14.042541	24
28	14.044153	0
28	14.048715	1
28	14.050496	2
28	14.052236	3
28	14.05389	4
28	14.057871	5
28	14.058803	6
28	14.059728	7
28	14.062998	8
28	14.063945	9
28	14.064879	10
28	14.069062	11
28	14.070221	12
28	14.071179	13
28	14.072257	14
28	14.075803	15
28	14.076754	16
28	14.077773	17
28	14.082179	18
28	14.083474	19
28	14.084579	20
28	14.089921	21
28	14.090906	22
28	14.091847	23
28	14.09624	24
28	14.097194	0
28	14.098249	1
28	14.10443	2
28	14.10628	3
28	14.108068	4
28	14.113867	5
28	14.115849	6
28	14.118242	7
28	14.124261	8
28	14.125499	9
28	14.126687	10
28	14.127807	11
28	14.131496	12
28	14.132645	13
28	14.133776	14
28	14.138088	15
28	14.139459	16
28	14.140616	17
28	14.144541	18
28	14.145776	19
28	14.146894	20
28	14.148007	21
28	14.153378	22
28	14.154684	23
28	14.156301	24
30	14.69689556	1
28	14.698088	25
25	14.86254148	2
23	14.863647	2
25	14.94702148	3
23	14.948116	3
25	15.03150148	4
23	15.032651	4
25	15.11598148	5
23	15.117044	5
25	15.20046148	6
23	15.201469	6
25	15.28494148	7
23	15.285982	7
25	15.36942148	8
23	15.375715	8
25	15.45390148	9
23	15.45537	9
25	15.53838148	10
23	15.540482	10
30	15.56876956	2
28	15.569837	26
25	15.62286148	11
23	15.624589	11
30	15.65323856	3
28	15.660305	27
25	15.70734148	12
23	15.709243	12
30	15.73777356	4
28	15.738877	28
25	15.79182148	13
23	15.793495	13
30	15.82216656	5
28	15.823572	29
25	15.87630148	14
23	15.881506	14
30	15.90659156	6
28	15.908409	30
25	15.96078148	15
23	15.961884	15
30	15.99110456	7
28	15.99247	31
25	16.04526148	16
23	16.049557	16
30	16.08083756	8
28	16.081952	32
25	16.12974148	17
23	16.130982	17
30	16.16049256	9
28	16.162001	33
25	16.21422148	18
23	16.215329	18
30	16.24560456	10
28	16.249638	34
25	16.29870148	19
23	16.29978	19
30	16.32971156	11
28	16.330884	35
25	16.38318148	20
23	16.384306	20
30	16.41436556	12
28	16.415505	36
vector 26  "ARQNetwork.RightNode[0].5:127.0.0.1:12105"  "corruptedDataSeqNumVector"  1
26	16.46766148	21
30	16.49861756	13
28	16.499753	37
25	16.55214148	22
23	16.5563	20
30	16.58662856	14
28	16.591631	38
25	16.63662148	23
23	16.637724	20
30	16.66700656	15
25	16.72110148	24
23	16.72208	20
30	16.75467956	16
25	16.80558148	0
30	16.83610456	17
25	16.89006148	1
30	16.92045156	18
25	16.97454148	2
30	17.00490256	19
25	17.05902148	3
30	17.08942856	20
25	17.14350148	4
25	17.22798148	5
30	17.26142256	20
25	17.31246148	6
30	17.34284656	20
25	17.39694148	7
30	17.42720256	20
25	17.48142148	8
25	17.56590148	9
25	17.65038148	10
25	17.73486148	11
25	17.81934148	12
25	17.90382148	13
25	17.98830148	14
25	18.07278148	15
25	18.15726148	16
25	18.24174148	17
26	18.32622148	18
25	18.41070148	19
25	18.49518148	20
25	18.57966148	21
23	18.581191	21
25	18.66414148	22
23	18.665338	22
25	18.74862148	23
23	18.752643	23
25	18.83310148	24
23	18.834249	24
25	18.91758148	0
25	19.00206148	1
25	19.08654148	2
25	19.17102148	3
25	19.25550148	25
23	19.256625	25
30	19.28631356	21
26	19.33998148	26
30	19.37046056	22
25	19.42446148	27
23	19.425606	25
30	19.45776556	23
25	19.50894148	28
23	19.517063	25
30	19.53937156	24
25	19.59342148	29
23	19.597744	25
25	19.67790148	30
23	19.679032	25
25	19.76238148	31
23	19.76379	25
25	19.84686148	32
23	19.847934	25
25	19.93134148	33
23	19.932458	25
30	19.96174756	25
25	20.01582148	34
23	20.016796	25
25	20.10030148	35
23	20.101211	25
30	20.13072856	25
25	20.18478148	36
23	20.1887